event id	time of event (UTC)	dead time	decay time (ns)	1st chA height	1st chA position	1st chA integral	1st chB height	1st chB position	1st chB integral	1st chC height	1st chC position	1st chC integral	1st chD height	1st chD position	1st chD integral	2nd chA height	2nd chA position	2nd chA integral	2nd chB height	2nd chB position	2nd chB integral	2nd chC height	2nd chC position	2nd chC integral	2nd chD height	2nd chD position	2nd chD integral
1	1678811501873711.8	7.864403237688665e-05	13774	375.96887	509	12655.274	469.8265	509	15197.785	0.0	0	0.0	0.0	0	0.0	439.976	3952	14127.285	230.9301	3953	7132.7544	0.0	0	0.0	0.0	0	0.0
2	1678811505926067.8	0.00011501216422772243	1096	287.98596	508	9699.232	286.67877	508	8863.042	0.0	0	0.0	0.0	0	0.0	0.0	0	0.0	318.52853	782	10176.947	0.0	0	0.0	0.0	0	0.0
3	1678811509237273.2	0.00010664095186806361	4092	335.98364	508	11367.357	187.13089	508	5768.83	0.0	0	0.0	0.0	0	0.0	0.0	0	0.0	103.515625	1531	2996.6516	0.0	0	0.0	0.0	0	0.0
4	1678811509577682.5	0.0009337087781233364	466	303.98007	509	10375.145	171.21368	508	5118.0522	0.0	0	0.0	0.0	0	0.0	0.0	0	0.0	0.0	0	0.0	281.26538	625	8752.5205	0.0	0	0.0
5	1678811520160073.8	3.0437657009645964e-05	1316	315.97565	509	10391.216	254.8136	509	7565.9116	0.0	0	0.0	0.0	0	0.0	0.0	0	0.0	0.0	0	0.0	71.3121	838	2346.4329	0.0	0	0.0
7	1678811525253266.8	8.022933960060172e-05	11120	267.97797	508	9107.197	386.21124	508	12687.556	0.0	0	0.0	0.0	0	0.0	0.0	0	0.0	0.0	0	0.0	87.137054	3288	2589.9324	0.0	0	0.0
11	1678811528793794.0	0.0010210863159835736	662	371.97037	509	12824.002	461.86023	508	14225.841	0.0	0	0.0	0.0	0	0.0	0.0	0	0.0	441.9599	674	14804.968	0.0	0	0.0	0.0	0	0.0
12	1678811531104662.2	0.0001442344447329821	1870	199.9877	507	6719.247	175.18146	508	5621.1196	0.0	0	0.0	0.0	0	0.0	0.0	0	0.0	0.0	0	0.0	114.880646	975	3439.0674	0.0	0	0.0
13	1678811531566101.2	0.0007956361938004441	2448	251.98389	508	8155.186	306.5791	509	10044.687	0.0	0	0.0	0.0	0	0.0	0.0	0	0.0	0.0	0	0.0	305.02582	1121	10294.16	226.60864	1120	7415.1924
15	1678811536375529.8	0.00025226698308729615	8420	219.98032	507	7875.43	238.89642	509	7713.2217	0.0	0	0.0	0.0	0	0.0	0.0	0	0.0	0.0	0	0.0	91.1048	2613	2702.8223	0.0	0	0.0
17	1678811537322756.2	0.0008998645006463161	918	255.9824	508	8751.291	290.6465	510	9483.715	0.0	0	0.0	0.0	0	0.0	0.0	0	0.0	0.0	0	0.0	983.2831	738	31333.566	186.8541	739	6275.6025
20	1678811543962515.0	4.883810083489623e-05	3878	247.98535	509	8499.26	366.29553	508	11584.286	0.0	0	0.0	0.0	0	0.0	0.0	0	0.0	0.0	0	0.0	221.84116	1478	6853.387	0.0	0	0.0
21	1678811545707357.8	0.00024428392021588795	9032	671.9365	509	23223.178	175.18146	509	5487.448	0.0	0	0.0	0.0	0	0.0	0.0	0	0.0	103.515625	2767	3033.3882	0.0	0	0.0	0.0	0	0.0
22	1678811546043448.2	0.0009395374977646955	2840	351.97772	509	12487.468	362.32776	509	11174.13	0.0	0	0.0	0.0	0	0.0	0.0	0	0.0	0.0	0	0.0	558.5476	1219	18108.803	0.0	0	0.0
23	1678811546831273.8	0.0003613535687296606	3504	263.97943	509	8531.179	250.83044	508	7831.7505	0.0	0	0.0	0.0	0	0.0	0.0	0	0.0	0.0	0	0.0	174.30487	1385	5293.839	143.1164	1384	4552.8345
24	1678811548467391.0	0.00012066456446067165	1112	451.9716	510	15803.36	326.4948	508	10800.335	0.0	0	0.0	0.0	0	0.0	0.0	0	0.0	0.0	0	0.0	301.07343	787	9427.786	0.0	0	0.0
25	1678811550218573.5	0.00011912801019463474	2490	411.97098	508	13855.673	326.4948	509	9923.919	0.0	0	0.0	0.0	0	0.0	0.0	0	0.0	0.0	0	0.0	106.96048	1131	3427.195	0.0	0	0.0
26	1678811550911316.5	0.0006182683325850119	1768	419.96802	509	13499.131	302.59595	511	9507.558	0.0	0	0.0	0.0	0	0.0	0.0	0	0.0	0.0	0	0.0	158.44919	952	4735.9604	0.0	0	0.0
28	1678811557495571.8	0.00021050827655926487	708	375.96887	508	12831.31	601.20874	508	19141.184	0.0	0	0.0	0.0	0	0.0	0.0	0	0.0	473.8097	685	15505.217	0.0	0	0.0	0.0	0	0.0
29	1678811557923315.8	0.0008845458634522035	844	519.9465	508	17555.129	270.74615	511	9521.76	0.0	0	0.0	0.0	0	0.0	95.99533	721	3066.72	95.54935	720	2698.0234	0.0	0	0.0	0.0	0	0.0
31	1678811559227217.8	0.0019839052196266903	3834	263.97943	507	7987.1714	179.16461	508	5698.8936	0.0	0	0.0	0.0	0	0.0	0.0	0	0.0	67.68271	1466	1756.0912	0.0	0	0.0	0.0	0	0.0
33	1678811562463505.8	0.00039644852737675694	1212	271.9765	508	8875.454	290.64655	508	10311.019	0.0	0	0.0	0.0	0	0.0	0.0	0	0.0	0.0	0	0.0	150.52902	811	4511.396	0.0	0	0.0
35	1678811567382697.0	0.0001625671365044648	232	371.97034	510	12655.483	238.8964	510	11624.256	0.0	0	0.0	0.0	0	0.0	0.0	0	0.0	107.49878	568	4503.4976	0.0	0	0.0	0.0	0	0.0
36	1678811568076516.2	0.0005889838036326624	5182	303.98007	509	10243.565	274.72934	508	9202.765	0.0	0	0.0	0.0	0	0.0	0.0	0	0.0	55.733246	1804	1647.751	0.0	0	0.0	0.0	0	0.0
37	1678811569017538.5	0.0004091883173314942	544	195.98917	507	6603.4224	589.25934	509	19283.17	0.0	0	0.0	0.0	0	0.0	0.0	0	0.0	155.28113	644	5491.452	0.0	0	0.0	0.0	0	0.0
38	1678811571003607.0	0.00015258421964636475	3386	387.97983	509	13135.638	310.56226	510	9650.889	0.0	0	0.0	0.0	0	0.0	0.0	0	0.0	0.0	0	0.0	435.7468	1356	14274.247	0.0	0	0.0
40	1678811575732629.5	9.267512883807343e-05	4918	247.98535	509	8699.597	322.51166	508	10108.396	0.0	0	0.0	0.0	0	0.0	0.0	0	0.0	0.0	0	0.0	182.225	1737	5615.499	127.21457	1739	4149.963
41	1678811578858179.8	0.0001228114672347015	2316	375.96887	508	12335.215	266.76306	508	8572.812	0.0	0	0.0	0.0	0	0.0	0.0	0	0.0	0.0	0	0.0	146.57663	1087	4603.2314	0.0	0	0.0
43	1678811580596468.0	0.002445434248127803	4366	251.98389	508	8495.378	334.44574	509	10570.221	0.0	0	0.0	0.0	0	0.0	0.0	0	0.0	91.58154	1600	2775.936	0.0	0	0.0	0.0	0	0.0
44	1678811592495607.2	2.5947427746331855e-05	6230	443.97455	509	14467.065	398.16068	510	12991.543	0.0	0	0.0	0.0	0	0.0	311.9771	2067	9695.195	47.78235	2067	1026.0667	0.0	0	0.0	0.0	0	0.0
45	1678811592632464.5	0.0030150316386836217	148	343.98068	509	11735.484	410.09473	509	12466.83	0.0	0	0.0	0.0	0	0.0	0.0	0	0.0	0.0	0	0.0	983.2831	546	32950.695	0.0	0	0.0
46	1678811594012347.8	0.00022307797845388125	1500	247.98537	508	8019.252	226.94696	507	7014.215	0.0	0	0.0	0.0	0	0.0	0.0	0	0.0	0.0	0	0.0	269.37744	883	8601.246	218.65775	882	7203.525
48	1678811597283105.5	0.00022402832782238786	1710	387.97983	510	12931.381	418.061	509	13094.149	0.0	0	0.0	0.0	0	0.0	0.0	0	0.0	75.64899	937	2156.0537	0.0	0	0.0	0.0	0	0.0
49	1678811600645623.5	9.614706246261982e-05	1388	243.98683	509	8583.221	207.04663	509	6270.4956	0.0	0	0.0	0.0	0	0.0	0.0	0	0.0	0.0	0	0.0	63.376587	856	1736.7219	0.0	0	0.0
50	1678811602094995.8	0.00024509630557620414	11038	407.97244	508	13667.525	326.4948	509	10984.822	0.0	0	0.0	0.0	0	0.0	0.0	0	0.0	0.0	0	0.0	83.18466	3268	2489.5862	0.0	0	0.0
51	1678811603923223.0	0.00017501320097710053	1002	455.97012	509	15943.742	477.79282	510	15517.196	0.0	0	0.0	0.0	0	0.0	0.0	0	0.0	222.96384	760	7786.258	0.0	0	0.0	0.0	0	0.0
54	1678811605460259.2	0.001588082339456576	650	427.96506	510	14547.361	469.8265	510	14844.8	0.0	0	0.0	0.0	0	0.0	251.98387	672	9040.377	143.3317	673	4634.875	0.0	0	0.0	0.0	0	0.0
57	1678811606893051.2	0.00037916471861487456	3526	211.98328	508	6767.02	270.74615	509	8202.522	0.0	0	0.0	0.0	0	0.0	0.0	0	0.0	613.1428	1390	19225.707	0.0	0	0.0	0.0	0	0.0
58	1678811611539992.8	6.454471553224969e-05	3696	239.98833	508	7651.1104	199.08032	508	6019.234	0.0	0	0.0	0.0	0	0.0	0.0	0	0.0	95.54932	1432	2794.943	0.0	0	0.0	0.0	0	0.0
62	1678811623253476.5	0.0010769824769444431	464	399.9754	508	13119.256	386.21124	508	12877.402	0.0	0	0.0	0.0	0	0.0	0.0	0	0.0	740.5573	624	23480.186	0.0	0	0.0	0.0	0	0.0
63	1678811625853523.5	0.0001501099048420577	1544	403.9739	511	14187.697	708.7075	509	22989.12	0.0	0	0.0	0.0	0	0.0	331.9851	896	11163.379	298.61282	896	9905.759	0.0	0	0.0	0.0	0	0.0
64	1678811627156105.8	0.0002879177942531755	1298	495.95535	509	17563.762	258.79675	509	7841.447	0.0	0	0.0	0.0	0	0.0	0.0	0	0.0	0.0	0	0.0	217.87338	833	6284.9116	377.67593	834	12306.088
66	1678811629881209.0	0.00020649777953390798	448	407.97244	509	13715.376	525.54443	508	25146.824	0.0	0	0.0	0.0	0	0.0	491.95682	621	17043.559	238.89641	620	8462.612	0.0	0	0.0	0.0	0	0.0
67	1678811632703520.8	0.000137864991652072	1126	367.97183	509	12719.916	465.84338	508	15108.0	0.0	0	0.0	0.0	0	0.0	0.0	0	0.0	0.0	0	0.0	190.14517	790	6439.566	0.0	0	0.0
68	1678811632805442.8	0.003969080001403328	12602	651.9439	509	21402.908	302.59595	510	8947.494	0.0	0	0.0	0.0	0	0.0	0.0	0	0.0	0.0	0	0.0	51.50406	3660	1395.9689	0.0	0	0.0
70	1678811634012130.0	0.0004411085609522431	7416	983.9598	512	40142.5	250.83047	510	7942.3447	0.0	0	0.0	0.0	0	0.0	0.0	0	0.0	0.0	0	0.0	67.34436	2365	2000.3273	0.0	0	0.0
72	1678811637274299.5	0.0002031511280952775	4236	279.98892	509	9563.531	378.24493	509	12324.761	0.0	0	0.0	0.0	0	0.0	0.0	0	0.0	0.0	0	0.0	245.60161	1568	7651.8105	278.29724	1568	9681.278
73	1678811637370652.8	0.00441471075606559	252	379.9828	510	13111.314	290.6465	510	9161.192	0.0	0	0.0	0.0	0	0.0	0.0	0	0.0	0.0	0	0.0	411.98633	573	12958.216	0.0	0	0.0
74	1678811640781208.0	6.243005893383581e-05	9048	239.98831	508	7939.1426	179.16461	506	5779.404	0.0	0	0.0	0.0	0	0.0	0.0	0	0.0	0.0	0	0.0	55.45642	2769	1471.9181	0.0	0	0.0
76	1678811641017423.8	0.0017224894263324513	13506	543.953	509	18347.145	342.41202	510	10692.79	0.0	0	0.0	0.0	0	0.0	0.0	0	0.0	75.64899	3886	1883.9369	0.0	0	0.0	0.0	0	0.0
78	1678811641287919.5	0.0014578909702308706	10862	399.9754	508	13676.104	306.5791	509	9605.298	0.0	0	0.0	0.0	0	0.0	0.0	0	0.0	71.66583	3224	2056.937	0.0	0	0.0	0.0	0	0.0
81	1678811648837338.0	8.911779584232967e-05	1646	275.99042	509	9139.758	306.5791	508	9850.016	0.0	0	0.0	0.0	0	0.0	0.0	0	0.0	0.0	0	0.0	293.1379	919	9254.912	87.46002	921	2927.0334
82	1678811651560680.5	0.00015022635066489604	480	291.9845	508	9187.299	334.44574	508	10967.935	0.0	0	0.0	0.0	0	0.0	0.0	0	0.0	302.59595	628	9721.656	0.0	0	0.0	0.0	0	0.0
83	1678811651726939.8	0.0010784620642711692	9802	387.97983	510	13303.281	346.39517	509	11805.443	0.0	0	0.0	0.0	0	0.0	0.0	0	0.0	238.8964	2960	7051.793	0.0	0	0.0	0.0	0	0.0
84	1678811652083193.2	0.000897758547102889	4660	363.97333	508	12091.29	226.94696	508	7322.524	0.0	0	0.0	0.0	0	0.0	0.0	0	0.0	159.26425	1673	4718.952	0.0	0	0.0	0.0	0	0.0
87	1678811654819660.0	0.0009809035324118347	12660	227.97737	507	7523.584	270.74615	509	8145.875	0.0	0	0.0	0.0	0	0.0	0.0	0	0.0	143.3317	3673	4014.2175	0.0	0	0.0	0.0	0	0.0
89	1678811656414973.2	0.0002676427926411408	7110	979.96124	511	39551.062	985.7437	512	40911.023	0.0	0	0.0	0.0	0	0.0	0.0	0	0.0	469.8265	2289	15376.072	0.0	0	0.0	0.0	0	0.0
90	1678811657494342.0	0.0003235919993037802	2178	395.97687	509	12791.239	374.2618	508	11789.028	0.0	0	0.0	0.0	0	0.0	0.0	0	0.0	414.07788	1053	13469.27	0.0	0	0.0	0.0	0	0.0
93	1678811665913168.2	0.00010427414972595296	7826	263.97943	508	8615.318	302.59595	507	9519.106	0.0	0	0.0	0.0	0	0.0	0.0	0	0.0	83.615265	2464	2403.3784	0.0	0	0.0	0.0	0	0.0
94	1678811668313501.2	8.205324639795188e-05	2310	367.97183	508	12399.462	294.62967	507	8893.968	0.0	0	0.0	0.0	0	0.0	0.0	0	0.0	0.0	0	0.0	146.57663	1085	4607.3394	0.0	0	0.0
96	1678811670942150.5	0.00012304828673820632	10128	383.9813	509	12959.409	981.7606	511	39119.11	0.0	0	0.0	0.0	0	0.0	0.0	0	0.0	242.87955	3042	7426.0854	0.0	0	0.0	0.0	0	0.0
97	1678811671731915.2	0.0003981206531955596	2744	367.97183	509	11939.191	525.54443	509	17245.113	0.0	0	0.0	0.0	0	0.0	0.0	0	0.0	410.09473	1195	12726.078	0.0	0	0.0	0.0	0	0.0
98	1678811673752179.8	0.00016439138603298686	2392	423.96655	509	13771.209	804.25684	509	26503.434	0.0	0	0.0	0.0	0	0.0	0.0	0	0.0	310.56226	1107	10037.618	0.0	0	0.0	0.0	0	0.0
99	1678811676396654.0	0.00013884037990334185	5414	519.9465	510	18087.31	537.49384	509	17676.838	0.0	0	0.0	0.0	0	0.0	0.0	0	0.0	0.0	0	0.0	281.26538	1863	9253.668	0.0	0	0.0
100	1678811676460848.5	0.005346560404243066	2202	299.98154	509	9927.187	175.18149	510	6093.6104	0.0	0	0.0	0.0	0	0.0	0.0	0	0.0	465.84338	1060	14999.156	0.0	0	0.0	0.0	0	0.0
101	1678811676629602.0	0.0018355961518895759	2382	355.97626	508	12071.623	234.91327	509	7557.915	0.0	0	0.0	0.0	0	0.0	0.0	0	0.0	0.0	0	0.0	95.07257	1104	2834.228	0.0	0	0.0
102	1678811678301308.0	0.00023531092916584842	836	387.97983	508	12935.333	274.7293	508	8761.24	0.0	0	0.0	0.0	0	0.0	0.0	0	0.0	95.54932	717	2587.4192	0.0	0	0.0	0.0	0	0.0
103	1678811678489480.2	0.001723797017831159	10206	303.98007	509	10267.246	322.51166	510	10287.125	0.0	0	0.0	0.0	0	0.0	0.0	0	0.0	131.38226	3061	4268.5947	0.0	0	0.0	0.0	0	0.0
104	1678811678729753.2	0.0013386057265334676	1136	263.97943	508	9211.36	398.16068	508	12482.321	0.0	0	0.0	0.0	0	0.0	0.0	0	0.0	0.0	0	0.0	661.54034	792	21147.701	59.639526	792	1692.1854
105	1678811680068136.0	0.00025135192957585653	11774	347.9792	508	11763.381	218.98068	509	6322.2764	0.0	0	0.0	0.0	0	0.0	0.0	0	0.0	0.0	0	0.0	71.3121	3452	1917.639	0.0	0	0.0
107	1678811685664737.2	0.00011595345208817171	268	347.9792	509	11896.084	183.14774	509	5861.2637	0.0	0	0.0	0.0	0	0.0	0.0	0	0.0	0.0	0	0.0	51.50406	576	1409.8955	0.0	0	0.0
108	1678811688428485.0	0.00011879244759544935	8320	267.97797	508	8739.574	203.0635	508	6078.504	0.0	0	0.0	0.0	0	0.0	0.0	0	0.0	71.66583	2588	1909.1448	0.0	0	0.0	0.0	0	0.0
113	1678811705196946.5	0.00022948767477988188	242	271.9765	509	9479.632	274.72934	510	9485.361	0.0	0	0.0	0.0	0	0.0	0.0	0	0.0	764.4408	570	34332.438	0.0	0	0.0	0.0	0	0.0
114	1678811706023805.0	0.0004195358981441808	1488	387.97983	509	12763.172	214.99753	509	6523.1587	0.0	0	0.0	0.0	0	0.0	0.0	0	0.0	0.0	0	0.0	305.02582	881	10086.774	0.0	0	0.0
115	1678811707680019.8	0.0001363344181061321	244	391.97833	510	13619.451	254.8136	510	8292.308	0.0	0	0.0	0.0	0	0.0	0.0	0	0.0	0.0	0	0.0	102.99274	571	2811.8042	0.0	0	0.0
116	1678811708571246.2	0.0004223378472752522	1724	299.98157	508	9607.398	557.40955	508	18334.242	0.0	0	0.0	0.0	0	0.0	243.98685	939	7887.1543	75.64899	939	2021.956	0.0	0	0.0	0.0	0	0.0
117	1678811709323871.0	0.00045302093685363335	3120	547.95154	510	18699.355	852.03925	510	27962.904	0.0	0	0.0	0.0	0	0.0	0.0	0	0.0	79.63211	1290	2198.077	0.0	0	0.0	0.0	0	0.0
121	1678811719196632.5	0.00047098748928619324	8376	383.9813	510	13159.211	246.84732	510	7505.6973	0.0	0	0.0	0.0	0	0.0	0.0	0	0.0	95.54932	2604	2716.6252	0.0	0	0.0	0.0	0	0.0
122	1678811724944519.0	5.583184576307429e-05	864	527.94354	509	18147.234	517.5935	509	16759.322	0.0	0	0.0	0.0	0	0.0	0.0	0	0.0	985.7437	725	45599.62	0.0	0	0.0	0.0	0	0.0
123	1678811725007274.0	0.0033493952057974986	4558	327.98657	509	11411.2705	302.59595	508	9435.009	0.0	0	0.0	0.0	0	0.0	0.0	0	0.0	83.615265	1648	2322.417	0.0	0	0.0	0.0	0	0.0
125	1678811726310259.0	0.00023393077019295738	348	335.98364	509	11735.359	668.8915	509	21479.525	0.0	0	0.0	0.0	0	0.0	0.0	0	0.0	985.7437	596	57262.582	0.0	0	0.0	0.0	0	0.0
127	1678811731327270.8	8.084840300625121e-05	1834	259.98096	508	8103.035	250.83047	509	8131.257	0.0	0	0.0	0.0	0	0.0	0.0	0	0.0	0.0	0	0.0	404.06616	967	12614.228	0.0	0	0.0
129	1678811737167124.2	5.380974456959736e-05	1360	347.9792	509	11915.51	985.7437	509	32924.83	0.0	0	0.0	0.0	0	0.0	447.97305	849	15323.313	254.81361	849	7688.85	0.0	0	0.0	0.0	0	0.0
130	1678811737347556.5	0.0007442945132406424	286	239.98833	508	7531.1157	394.17752	509	12967.208	0.0	0	0.0	0.0	0	0.0	0.0	0	0.0	0.0	0	0.0	83.18466	580	2463.8022	0.0	0	0.0
131	1678811738836260.8	0.00011626702146792079	2184	383.9813	509	12183.264	836.1067	509	27019.252	0.0	0	0.0	0.0	0	0.0	0.0	0	0.0	123.431366	1055	3769.9932	0.0	0	0.0	0.0	0	0.0
132	1678811740226754.2	0.0001279112453702902	622	167.98413	509	5426.813	621.10913	508	19639.729	0.0	0	0.0	0.0	0	0.0	0.0	0	0.0	258.79675	664	8438.282	0.0	0	0.0	0.0	0	0.0
133	1678811743896313.0	3.722938041344754e-05	2164	435.97748	509	14371.381	541.477	509	17296.4	0.0	0	0.0	0.0	0	0.0	0.0	0	0.0	0.0	0	0.0	134.68872	1050	3989.1199	0.0	0	0.0
134	1678811745734956.2	0.00011799521717408716	672	255.98242	508	8075.185	298.6128	508	9183.747	0.0	0	0.0	0.0	0	0.0	0.0	0	0.0	0.0	0	0.0	983.2831	676	39428.49	0.0	0	0.0
135	1678811756792692.0	2.0569409997091174e-05	3230	275.99042	510	9487.42	792.3228	510	25185.982	0.0	0	0.0	0.0	0	0.0	115.987946	1317	3770.831	222.9638	1318	6987.647	0.0	0	0.0	0.0	0	0.0
140	1678811768910927.2	9.684336040407892e-05	2914	399.9754	510	13387.428	278.71246	509	8986.838	0.0	0	0.0	0.0	0	0.0	0.0	0	0.0	0.0	0	0.0	51.50406	1238	1248.0537	0.0	0	0.0
142	1678811772445329.0	6.730889604561687e-05	226	307.97858	508	10215.142	298.6128	507	9096.117	0.0	0	0.0	0.0	0	0.0	0.0	0	0.0	0.0	0	0.0	102.99274	564	3539.5386	0.0	0	0.0
143	1678811774905223.5	9.256042887559723e-05	640	303.98007	508	10663.564	342.41205	508	10890.109	0.0	0	0.0	0.0	0	0.0	0.0	0	0.0	0.0	0	0.0	59.424194	668	1422.3431	0.0	0	0.0
144	1678811775635089.0	0.00031784028019596995	268	351.97772	509	11443.337	266.76306	509	8071.0938	0.0	0	0.0	0.0	0	0.0	0.0	0	0.0	0.0	0	0.0	396.14603	576	12994.549	322.0196	576	10338.062
147	1678811778228836.5	0.00021140050064656087	3334	327.98657	508	11147.261	278.71246	509	9017.009	0.0	0	0.0	0.0	0	0.0	0.0	0	0.0	0.0	0	0.0	71.3121	1342	1798.7906	0.0	0	0.0
148	1678811782468623.2	5.313967175090551e-05	676	679.9336	510	23435.334	764.4408	510	25116.135	0.0	0	0.0	0.0	0	0.0	0.0	0	0.0	270.74622	679	9372.634	0.0	0	0.0	0.0	0	0.0
151	1678811792859394.2	2.3633021892915065e-05	4351	231.99126	507	7623.516	378.24493	509	12158.013	91.1048	509	2351.4875	127.21457	510	3886.8042	36.002106	1598	1094.1044	0.0	0	0.0	0.0	0	0.0	51.68863	1595	1304.9563
155	1678811801699032.8	2.989021509157489e-05	8026	527.94354	508	16907.184	985.7437	509	32856.875	0.0	0	0.0	0.0	0	0.0	0.0	0	0.0	0.0	0	0.0	221.84116	2515	6663.927	0.0	0	0.0
156	1678811802693475.8	0.0001591908501702431	9918	367.97183	508	12159.272	342.41205	509	11141.817	0.0	0	0.0	0.0	0	0.0	0.0	0	0.0	0.0	0	0.0	79.23227	2988	2147.6194	0.0	0	0.0
158	1678811805111624.2	0.00012661418660599651	1284	467.9657	508	15571.509	195.09717	508	5945.3457	0.0	0	0.0	0.0	0	0.0	0.0	0	0.0	0.0	0	0.0	237.68146	829	6989.4146	170.95227	829	5445.8394
162	1678811818470535.2	1.893242346702086e-05	4746	279.98892	508	9067.243	218.98068	511	7649.9224	0.0	0	0.0	0.0	0	0.0	0.0	0	0.0	0.0	0	0.0	59.424194	1696	1528.7131	0.0	0	0.0
163	1678811818860062.2	0.0003348066048100753	2762	343.98068	508	11367.257	282.69562	508	8990.01	0.0	0	0.0	0.0	0	0.0	0.0	0	0.0	0.0	0	0.0	166.3847	1199	5300.545	87.46002	1198	2748.2676
167	1678811837285446.0	8.125424011848013e-05	294	431.9636	510	14811.3955	465.84338	509	17594.04	0.0	0	0.0	0.0	0	0.0	0.0	0	0.0	67.68268	583	3076.284	0.0	0	0.0	0.0	0	0.0
171	1678811847805585.0	0.0006865141484693164	7416	171.98264	508	5783.0137	167.23056	510	5170.639	0.0	0	0.0	0.0	0	0.0	0.0	0	0.0	0.0	0	0.0	126.768555	2363	3784.471	0.0	0	0.0
172	1678811851920737.0	5.4693606589698935e-05	13292	343.98068	508	11503.376	445.94302	508	14129.845	0.0	0	0.0	0.0	0	0.0	0.0	0	0.0	0.0	0	0.0	356.52988	3831	11125.307	0.0	0	0.0
173	1678811853840749.5	0.00011821500801614479	11730	563.9456	510	19239.271	175.18149	509	4952.541	0.0	0	0.0	0.0	0	0.0	0.0	0	0.0	0.0	0	0.0	110.91287	3442	3536.194	0.0	0	0.0
175	1678811855130296.5	0.00022166249784523674	240	355.97626	508	11783.435	262.7799	508	8249.34	0.0	0	0.0	0.0	0	0.0	0.0	0	0.0	0.0	0	0.0	67.34436	568	1933.5735	0.0	0	0.0
177	1678811858172533.0	0.0001331692607415645	972	619.9403	509	20510.938	326.4948	509	10083.214	0.0	0	0.0	0.0	0	0.0	0.0	0	0.0	67.68271	752	2052.538	0.0	0	0.0	0.0	0	0.0
178	1678811860608397.5	9.415911069166915e-05	4382	279.98895	508	9375.307	370.27866	509	11429.836	0.0	0	0.0	0.0	0	0.0	0.0	0	0.0	0.0	0	0.0	233.72906	1604	6958.4185	0.0	0	0.0
180	1678811867805502.2	0.0004629561731563638	6544	619.9403	509	20295.205	981.7606	509	33653.84	0.0	0	0.0	0.0	0	0.0	0.0	0	0.0	83.615265	2145	2103.857	0.0	0	0.0	0.0	0	0.0
182	1678811871468911.0	9.202570847080813e-05	458	247.98535	507	8743.519	541.477	508	17367.62	0.0	0	0.0	0.0	0	0.0	0.0	0	0.0	218.98067	622	6968.609	0.0	0	0.0	0.0	0	0.0
183	1678811871860102.5	0.0005863065127561282	5376	599.9477	509	20303.092	593.2425	509	20091.02	0.0	0	0.0	0.0	0	0.0	231.99127	1853	7635.1704	234.91327	1853	7525.1714	0.0	0	0.0	0.0	0	0.0
185	1678811875280197.0	0.00022195012437100587	10276	979.96124	509	33842.758	497.6778	509	16529.393	0.0	0	0.0	0.0	0	0.0	0.0	0	0.0	95.54935	3078	3101.9536	0.0	0	0.0	0.0	0	0.0
186	1678811876744698.0	0.00015758863343141922	3226	275.99042	510	9191.236	441.9599	509	14843.906	0.0	0	0.0	0.0	0	0.0	0.0	0	0.0	362.32776	1316	11816.961	0.0	0	0.0	0.0	0	0.0
189	1678811884763847.0	0.00019493075544315308	638	207.98474	507	6270.9565	696.7581	508	22258.217	0.0	0	0.0	0.0	0	0.0	0.0	0	0.0	981.7606	667	40665.15	0.0	0	0.0	0.0	0	0.0
190	1678811885699327.5	0.0002701555815799769	4444	447.97305	509	15143.458	441.95987	509	13720.612	0.0	0	0.0	0.0	0	0.0	0.0	0	0.0	509.62723	1620	17491.088	0.0	0	0.0	0.0	0	0.0
191	1678811888389092.5	9.9363964262301e-05	1012	391.97833	508	12919.339	453.89392	510	14327.596	0.0	0	0.0	0.0	0	0.0	0.0	0	0.0	91.56619	762	2622.8364	0.0	0	0.0	0.0	0	0.0
193	1678811889794641.0	0.00020987750167265215	1536	419.96802	508	14003.649	601.20874	508	19479.627	0.0	0	0.0	0.0	0	0.0	0.0	0	0.0	242.87956	892	7802.5703	0.0	0	0.0	0.0	0	0.0
194	1678811891011846.8	0.00018178042961297222	400	295.98303	508	10251.377	985.7437	510	46623.87	0.0	0	0.0	0.0	0	0.0	0.0	0	0.0	207.04662	609	8217.629	0.0	0	0.0	0.0	0	0.0
195	1678811891162982.2	0.0017048752176436449	5002	395.97687	510	13959.277	294.62967	511	9063.898	0.0	0	0.0	0.0	0	0.0	0.0	0	0.0	75.64899	1761	1900.7627	0.0	0	0.0	0.0	0	0.0
196	1678811892050071.8	0.00024324380259139314	526	367.97183	509	12707.239	497.67776	508	16041.355	0.0	0	0.0	0.0	0	0.0	0.0	0	0.0	0.0	0	0.0	202.03308	640	6224.197	0.0	0	0.0
197	1678811892813392.8	0.0003516750946883631	1872	479.96124	510	16927.523	426.0273	512	13690.062	0.0	0	0.0	0.0	0	0.0	0.0	0	0.0	0.0	0	0.0	847.7178	979	26346.354	0.0	0	0.0
199	1678811895147194.0	0.0001776736531549806	9584	375.96887	510	12643.317	433.99362	510	14428.92	0.0	0	0.0	0.0	0	0.0	0.0	0	0.0	59.71643	2906	1708.7043	0.0	0	0.0	0.0	0	0.0
200	1678811897313056.2	0.00013198210371107477	408	299.98154	507	9699.551	378.24496	507	11883.335	0.0	0	0.0	0.0	0	0.0	0.0	0	0.0	51.750122	609	1850.7375	0.0	0	0.0	0.0	0	0.0
203	1678811898926665.0	0.0002369832763238353	494	507.9509	510	17303.322	985.7437	516	55194.848	0.0	0	0.0	0.0	0	0.0	635.9498	637	20426.916	131.39764	636	5296.7705	0.0	0	0.0	0.0	0	0.0
205	1678811910290402.5	2.1079967095986686e-05	1362	243.98683	508	7811.229	226.94696	509	7076.5234	0.0	0	0.0	0.0	0	0.0	0.0	0	0.0	59.71643	849	1621.6038	0.0	0	0.0	0.0	0	0.0
208	1678811913172013.5	0.0010755135128499786	4654	319.97418	510	11675.375	489.7115	509	15635.705	0.0	0	0.0	0.0	0	0.0	0.0	0	0.0	79.63211	1673	2611.3027	0.0	0	0.0	0.0	0	0.0
209	1678811913564800.2	0.0003254700339861153	254	383.9813	508	12803.382	537.49384	509	17934.797	0.0	0	0.0	0.0	0	0.0	0.0	0	0.0	0.0	0	0.0	281.25	572	9431.146	0.0	0	0.0
210	1678811914599894.0	0.00012691431003760903	1136	491.95682	509	16747.475	430.01047	509	13302.937	0.0	0	0.0	0.0	0	0.0	0.0	0	0.0	226.94696	793	7088.088	0.0	0	0.0	0.0	0	0.0
211	1678811915175902.8	0.0002367573187813124	1556	627.9374	509	21274.793	625.0923	509	20353.773	0.0	0	0.0	0.0	0	0.0	0.0	0	0.0	509.62723	898	17401.348	0.0	0	0.0	0.0	0	0.0
216	1678811922289301.8	0.0006935143242687374	4192	375.96887	509	12123.247	633.05853	509	19894.1	0.0	0	0.0	0.0	0	0.0	0.0	0	0.0	163.24744	1557	5449.439	0.0	0	0.0	0.0	0	0.0
217	1678811922482359.8	0.0006915706186222679	588	167.98413	507	5590.9844	203.0635	509	6476.675	0.0	0	0.0	0.0	0	0.0	0.0	0	0.0	115.46506	655	3743.9023	0.0	0	0.0	0.0	0	0.0
218	1678811922822300.8	0.0006338655279524881	9824	227.99274	508	7515.153	302.59595	508	9169.585	0.0	0	0.0	0.0	0	0.0	0.0	0	0.0	0.0	0	0.0	71.3121	2964	1731.4309	0.0	0	0.0
219	1678811923732783.0	0.0002382919442920569	286	387.97983	509	12551.204	629.07544	510	22754.734	0.0	0	0.0	0.0	0	0.0	0.0	0	0.0	51.765503	581	3188.6128	0.0	0	0.0	0.0	0	0.0
223	1678811942114279.5	2.346164263761236e-05	824	375.96887	509	12291.487	449.9108	509	14793.435	0.0	0	0.0	0.0	0	0.0	0.0	0	0.0	63.699554	715	1952.5283	0.0	0	0.0	0.0	0	0.0
224	1678811946388537.5	5.868040814566619e-05	3130	235.98979	509	7775.5757	266.76303	508	8308.245	0.0	0	0.0	0.0	0	0.0	0.0	0	0.0	55.733246	1291	1430.9873	0.0	0	0.0	0.0	0	0.0
225	1678811948386629.5	0.00014831533821624496	4078	251.98389	508	8931.549	187.13092	507	5800.6846	0.0	0	0.0	0.0	0	0.0	259.98096	1527	9863.404	163.24744	1527	5263.5913	0.0	0	0.0	0.0	0	0.0
232	1678811969611871.5	0.005091968283078915	664	751.93774	510	25546.873	728.6079	510	23469.97	0.0	0	0.0	0.0	0	0.0	0.0	0	0.0	625.0923	676	20283.828	0.0	0	0.0	0.0	0	0.0
233	1678811970065807.8	0.00047061369391306355	292	499.95386	509	16995.74	732.59106	511	29797.826	0.0	0	0.0	0.0	0	0.0	0.0	0	0.0	171.2137	583	6904.925	0.0	0	0.0	0.0	0	0.0
234	1678811970084019.0	0.01400062689374151	272	347.9792	510	12611.67	302.59595	510	16192.592	0.0	0	0.0	0.0	0	0.0	0.0	0	0.0	179.16461	578	6792.565	0.0	0	0.0	0.0	0	0.0
235	1678811970710768.2	0.00043060981501276234	346	423.96652	508	13707.619	871.95496	509	33406.434	0.0	0	0.0	0.0	0	0.0	0.0	0	0.0	135.36539	595	5553.3447	0.0	0	0.0	0.0	0	0.0
236	1678811976689250.2	4.406683179698279e-05	11304	395.97687	508	13779.538	234.91327	508	7261.509	0.0	0	0.0	0.0	0	0.0	0.0	0	0.0	51.750122	3334	1291.1461	0.0	0	0.0	0.0	0	0.0
238	1678811980964057.5	0.0002996322949929883	1328	443.97452	510	15239.275	378.24496	510	11937.271	0.0	0	0.0	0.0	0	0.0	0.0	0	0.0	314.5454	842	9962.816	0.0	0	0.0	0.0	0	0.0
241	1678811989477631.0	4.6309906762560586e-05	2274	387.97983	509	12775.245	187.13092	508	6001.9565	0.0	0	0.0	0.0	0	0.0	0.0	0	0.0	0.0	0	0.0	305.02582	1077	10363.497	0.0	0	0.0
246	1678811997244803.0	0.00018408015148303926	1556	339.98218	509	11243.334	804.2569	509	26060.576	0.0	0	0.0	0.0	0	0.0	0.0	0	0.0	346.3952	898	11044.076	0.0	0	0.0	0.0	0	0.0
249	1678812017912466.0	0.0002665835805192791	167	215.98178	508	7503.1343	214.99756	509	11610.921	134.68872	508	4803.892	103.36182	508	4269.028	0.0	0	0.0	127.41449	551	6334.226	281.26538	550	14026.378	234.55956	549	12808.26
250	1678812018320204.8	0.0005554990310927426	726	495.95532	510	17672.363	629.07544	509	20451.945	0.0	0	0.0	0.0	0	0.0	0.0	0	0.0	445.92767	691	14997.791	0.0	0	0.0	0.0	0	0.0
252	1678812025761202.0	0.000564564206872369	626	979.96124	512	40870.742	226.94696	511	7531.819	0.0	0	0.0	0.0	0	0.0	0.0	0	0.0	0.0	0	0.0	35.648376	668	769.8733	0.0	0	0.0
254	1678812028200108.2	0.001893330854919872	3290	311.9771	509	10199.218	437.97675	508	13713.976	0.0	0	0.0	0.0	0	0.0	0.0	0	0.0	314.5454	1331	10148.639	0.0	0	0.0	0.0	0	0.0
256	1678812032499685.0	6.021934184523823e-05	1826	307.97858	510	10867.318	469.8265	509	15307.958	0.0	0	0.0	0.0	0	0.0	0.0	0	0.0	0.0	0	0.0	59.424194	966	1448.8269	0.0	0	0.0
260	1678812037987209.0	0.0002051157427951429	852	311.9771	509	9983.368	732.59106	509	23615.51	0.0	0	0.0	0.0	0	0.0	0.0	0	0.0	985.7437	722	45442.99	0.0	0	0.0	0.0	0	0.0
263	1678812041716648.5	0.000616614215147819	2178	267.97797	508	8523.15	370.2787	509	12605.747	0.0	0	0.0	0.0	0	0.0	0.0	0	0.0	234.91327	1053	7530.0327	0.0	0	0.0	0.0	0	0.0
264	1678812042419390.8	0.00018594329747364814	2814	563.9456	508	18879.545	597.22565	509	18873.496	0.0	0	0.0	0.0	0	0.0	0.0	0	0.0	0.0	0	0.0	142.60886	1212	4578.305	0.0	0	0.0
265	1678812042798561.8	0.0003489762733861262	3652	327.97122	509	11399.346	461.86023	509	14871.29	0.0	0	0.0	0.0	0	0.0	0.0	0	0.0	175.18146	1422	5294.979	0.0	0	0.0	0.0	0	0.0
267	1678812053940462.0	3.461939193985529e-05	11090	267.97797	510	9315.477	218.98068	509	7292.953	0.0	0	0.0	0.0	0	0.0	0.0	0	0.0	0.0	0	0.0	67.34436	3282	1780.9751	0.0	0	0.0
269	1678812056973952.8	0.00020928793430722914	2082	483.95978	509	15995.692	804.2569	510	25967.281	0.0	0	0.0	0.0	0	0.0	0.0	0	0.0	51.750122	1030	1395.524	0.0	0	0.0	0.0	0	0.0
270	1678812057828690.2	0.00017658145007682548	7834	231.99126	508	7227.206	334.44574	509	10753.815	0.0	0	0.0	0.0	0	0.0	0.0	0	0.0	51.750122	2467	1397.7773	0.0	0	0.0	0.0	0	0.0
271	1678812062302831.0	3.868698916588453e-05	14878	455.9701	509	14991.677	226.94698	510	7806.081	0.0	0	0.0	0.0	0	0.0	0.0	0	0.0	0.0	0	0.0	75.26453	4229	3145.9092	0.0	0	0.0
272	1678812063570045.8	0.00018211454553390417	1104	559.9471	509	19423.133	981.7606	511	35353.055	0.0	0	0.0	0.0	0	0.0	0.0	0	0.0	981.7606	786	33665.14	0.0	0	0.0	0.0	0	0.0
273	1678812065750360.8	6.145778074641459e-05	4156	275.97504	509	9423.305	294.62967	509	9504.036	0.0	0	0.0	0.0	0	0.0	0.0	0	0.0	75.64899	1548	2402.9268	0.0	0	0.0	0.0	0	0.0
278	1678812080696582.2	5.271800167884183e-05	384	363.97333	509	12299.204	565.37585	509	18774.389	0.0	0	0.0	0.0	0	0.0	0.0	0	0.0	808.24005	605	44738.55	0.0	0	0.0	0.0	0	0.0
280	1678812084072998.8	0.00010577974985872837	2646	263.97946	509	8507.227	394.17752	508	12020.014	0.0	0	0.0	0.0	0	0.0	0.0	0	0.0	0.0	0	0.0	83.18466	1170	2586.6184	0.0	0	0.0
282	1678812084892661.0	0.00030832530470753424	12084	375.96887	509	12491.203	234.91327	509	7039.382	0.0	0	0.0	0.0	0	0.0	0.0	0	0.0	0.0	0	0.0	55.45645	3530	1537.9873	0.0	0	0.0
283	1678812086825364.0	0.00012434601152766476	212	415.96948	509	14739.337	473.8097	509	21950.795	0.0	0	0.0	0.0	0	0.0	0.0	0	0.0	159.26427	562	9076.694	0.0	0	0.0	0.0	0	0.0
284	1678812086844005.8	0.012412663476057635	6482	219.98032	509	7923.281	274.72934	508	8535.177	0.0	0	0.0	0.0	0	0.0	0.0	0	0.0	0.0	0	0.0	59.424194	2129	1769.7872	0.0	0	0.0
285	1678812088434404.8	0.00014211630060475882	3410	207.98474	508	6255.1323	262.7799	509	8175.0405	0.0	0	0.0	0.0	0	0.0	0.0	0	0.0	83.615265	1361	2256.0327	0.0	0	0.0	0.0	0	0.0
287	1678812090834003.2	9.824487278160667e-05	1986	451.9716	511	16523.953	852.03925	510	27272.812	0.0	0	0.0	0.0	0	0.0	0.0	0	0.0	981.7606	1007	63008.758	0.0	0	0.0	0.0	0	0.0
292	1678812105108208.5	0.00012354361193549579	108	363.9733	509	14751.883	505.64407	509	24791.303	0.0	0	0.0	0.0	0	0.0	0.0	0	0.0	183.16315	536	14519.608	0.0	0	0.0	0.0	0	0.0
293	1678812106224830.8	0.00021821981739143619	13604	459.96863	508	15939.783	222.96384	508	7015.96	0.0	0	0.0	0.0	0	0.0	0.0	0	0.0	175.18146	3909	5121.1113	0.0	0	0.0	0.0	0	0.0
295	1678812115046889.5	2.2624231974907506e-05	9308	595.9492	509	18427.1	326.4948	509	10435.363	0.0	0	0.0	0.0	0	0.0	0.0	0	0.0	270.74615	2836	8664.809	0.0	0	0.0	0.0	0	0.0
297	1678812116703332.8	0.0028581193871637252	6434	383.98132	510	13135.297	517.5935	511	17345.06	0.0	0	0.0	0.0	0	0.0	0.0	0	0.0	51.750122	2119	1825.1907	0.0	0	0.0	0.0	0	0.0
299	1678812121714912.5	0.00010720474906867146	3730	427.96506	510	14955.683	975.4706	519	39792.105	0.0	0	0.0	0.0	0	0.0	0.0	0	0.0	99.5325	1447	3211.67	0.0	0	0.0	0.0	0	0.0
300	1678812129819251.0	2.0210826872291874e-05	2932	595.9492	511	20839.242	254.81361	511	8563.022	0.0	0	0.0	0.0	0	0.0	0.0	0	0.0	0.0	0	0.0	110.91287	1244	3227.1062	0.0	0	0.0
301	1678812130820677.0	0.00023782265857164996	1812	299.98157	509	9207.269	286.67877	508	9672.637	0.0	0	0.0	0.0	0	0.0	0.0	0	0.0	0.0	0	0.0	289.18552	961	9301.095	210.70682	962	6548.071
302	1678812131665184.8	0.0002650999700739118	12488	227.99274	508	8219.72	171.19833	510	5551.1787	0.0	0	0.0	0.0	0	0.0	0.0	0	0.0	51.750122	3631	1381.3982	0.0	0	0.0	0.0	0	0.0
305	1678812141550229.8	3.562756852146103e-05	994	343.9807	510	11859.198	505.64407	509	16451.09	0.0	0	0.0	0.0	0	0.0	0.0	0	0.0	358.3446	758	11656.414	0.0	0	0.0	0.0	0	0.0
308	1678812152907576.8	2.906800030123355e-05	5834	663.93945	510	22635.148	981.7606	513	41732.316	0.0	0	0.0	0.0	0	0.0	0.0	0	0.0	246.84732	1970	8631.29	0.0	0	0.0	0.0	0	0.0
311	1678812159772845.0	0.0001525298299268338	10656	391.97833	509	13387.498	453.89395	509	14796.539	0.0	0	0.0	0.0	0	0.0	0.0	0	0.0	79.63211	3173	2028.208	0.0	0	0.0	0.0	0	0.0
313	1678812167624510.2	0.00024641508743466036	3472	263.97943	508	8715.769	207.04663	510	6752.313	0.0	0	0.0	0.0	0	0.0	0.0	0	0.0	0.0	0	0.0	126.768555	1377	4148.315	0.0	0	0.0
316	1678812178119438.8	0.000381554955148215	3388	279.98895	508	9039.339	214.99756	508	6175.809	0.0	0	0.0	0.0	0	0.0	0.0	0	0.0	0.0	0	0.0	99.040344	1355	2908.231	0.0	0	0.0
317	1678812182039039.2	3.777439585754174e-05	13464	275.99042	508	8907.232	226.94698	508	6975.6978	0.0	0	0.0	0.0	0	0.0	0.0	0	0.0	0.0	0	0.0	67.34436	3874	1872.0953	0.0	0	0.0
318	1678812183129840.2	0.00023188195481951672	2804	463.96716	509	15179.468	589.25934	509	19038.992	0.0	0	0.0	0.0	0	0.0	491.95682	1210	16027.184	99.5325	1210	3089.106	0.0	0	0.0	0.0	0	0.0
319	1678812185138317.8	0.00011479014651828546	7678	211.98328	508	6927.147	191.11404	509	5888.283	0.0	0	0.0	0.0	0	0.0	0.0	0	0.0	0.0	0	0.0	63.376587	2428	1446.8037	0.0	0	0.0
320	1678812191546239.0	3.62766684207211e-05	568	551.9501	510	18435.469	410.09473	509	13306.52	0.0	0	0.0	0.0	0	0.0	107.990875	652	3578.7168	207.03125	651	6865.109	0.0	0	0.0	0.0	0	0.0
323	1678812204136573.8	5.660218098521138e-05	4268	375.96887	509	12191.385	410.09473	509	13049.052	0.0	0	0.0	0.0	0	0.0	0.0	0	0.0	0.0	0	0.0	114.880646	1576	3659.0564	0.0	0	0.0
324	1678812209607427.8	4.153155836256013e-05	906	343.98068	509	11851.588	306.5791	510	9827.918	0.0	0	0.0	0.0	0	0.0	0.0	0	0.0	981.7606	736	32757.807	0.0	0	0.0	0.0	0	0.0
325	1678812212100935.0	8.634145991647921e-05	3468	307.9786	508	10255.243	302.59598	509	9813.33	0.0	0	0.0	0.0	0	0.0	0.0	0	0.0	0.0	0	0.0	146.57663	1377	4693.792	147.09955	1374	4900.2324
326	1678812220197345.5	3.0330750056479978e-05	4545	267.97797	508	8339.126	191.11404	509	6397.8896	130.72095	509	3876.8838	127.21457	509	4390.4595	0.0	0	0.0	0.0	0	0.0	0.0	0	0.0	99.39407	1645	2915.0996
329	1678812222782583.0	0.002124138445042576	352	451.9716	509	15667.372	477.79282	509	27043.48	0.0	0	0.0	0.0	0	0.0	0.0	0	0.0	338.4289	597	11877.099	0.0	0	0.0	0.0	0	0.0
331	1678812225874285.5	7.5865094444925e-05	234	631.9359	510	21607.174	812.22314	509	47196.19	0.0	0	0.0	0.0	0	0.0	0.0	0	0.0	573.34216	568	23520.822	0.0	0	0.0	0.0	0	0.0
333	1678812232483131.0	4.77292561855111e-05	7536	335.98364	508	10939.276	207.04663	509	6482.927	0.0	0	0.0	0.0	0	0.0	43.999146	2393	1117.8014	985.7437	2392	34211.867	0.0	0	0.0	0.0	0	0.0
334	1678812234328071.8	0.00012225046302685944	1494	435.97748	510	14691.285	430.01047	509	14409.461	0.0	0	0.0	0.0	0	0.0	0.0	0	0.0	246.84732	883	7924.6875	0.0	0	0.0	0.0	0	0.0
335	1678812239452237.0	3.056950428128932e-05	184	263.97943	508	8967.233	254.81361	508	7662.76	0.0	0	0.0	0.0	0	0.0	0.0	0	0.0	0.0	0	0.0	51.50406	554	1372.8623	0.0	0	0.0
337	1678812245720793.5	0.0068787488426391855	6264	491.95682	509	16907.695	760.45764	509	24274.227	0.0	0	0.0	0.0	0	0.0	0.0	0	0.0	728.6079	2075	24098.205	0.0	0	0.0	0.0	0	0.0
340	1678812250981341.5	0.0063445107249863195	1746	431.9636	510	14887.298	230.9301	511	7184.551	0.0	0	0.0	0.0	0	0.0	0.0	0	0.0	179.16461	947	5626.7866	0.0	0	0.0	0.0	0	0.0
341	1678812251047510.2	0.0043916058722867695	6484	243.98683	508	8303.294	171.21368	508	5086.6543	0.0	0	0.0	0.0	0	0.0	0.0	0	0.0	0.0	0	0.0	142.60886	2129	4409.711	0.0	0	0.0
342	1678812253227636.8	0.00011286175637827498	880	343.98068	508	10951.248	254.81361	509	8386.964	0.0	0	0.0	0.0	0	0.0	72.00418	729	2026.1387	298.6128	728	9378.397	0.0	0	0.0	0.0	0	0.0
343	1678812253505046.8	0.0008525977156913218	2452	551.9501	510	18951.3	565.3605	510	18022.8	0.0	0	0.0	0.0	0	0.0	0.0	0	0.0	87.59842	1123	2412.2532	0.0	0	0.0	0.0	0	0.0
344	1678812260705084.5	3.380887284562395e-05	1382	427.96506	509	13763.358	981.7606	510	35509.7	0.0	0	0.0	0.0	0	0.0	0.0	0	0.0	927.68823	855	30152.305	0.0	0	0.0	0.0	0	0.0
345	1678812261009439.2	0.0008076348519114155	168	195.98917	507	6487.1313	449.9108	508	14143.581	0.0	0	0.0	0.0	0	0.0	0.0	0	0.0	0.0	0	0.0	51.50406	549	1570.3372	83.49225	550	2664.501
347	1678812267824973.0	6.31509338895427e-05	1232	427.96506	509	14183.194	780.3734	509	24530.396	0.0	0	0.0	0.0	0	0.0	0.0	0	0.0	981.7606	817	38033.4	0.0	0	0.0	0.0	0	0.0
348	1678812268627517.0	0.00032588385226202604	3320	451.9716	510	15243.258	394.17755	510	12890.234	0.0	0	0.0	0.0	0	0.0	0.0	0	0.0	981.7606	1340	35152.016	0.0	0	0.0	0.0	0	0.0
349	1678812269859780.8	0.00019212961261020364	608	407.97244	509	13791.426	461.86023	509	15660.051	0.0	0	0.0	0.0	0	0.0	0.0	0	0.0	0.0	0	0.0	158.44919	660	4712.729	214.67459	662	7613.8896
351	1678812273548024.8	0.00013423597715376374	9308	355.97626	509	11655.529	230.9301	509	6886.2876	110.91287	509	3430.4934	159.01822	509	5338.311	0.0	0	0.0	0.0	0	0.0	0.0	0	0.0	55.656372	2836	2087.3042
352	1678812278791933.8	4.3874571103334525e-05	3460	579.9397	509	19255.018	549.4433	509	17780.846	0.0	0	0.0	0.0	0	0.0	0.0	0	0.0	119.44818	1374	3428.4639	0.0	0	0.0	0.0	0	0.0
354	1678812281289992.0	0.0007632238575743942	2102	583.9536	509	19803.13	879.9059	508	28730.03	0.0	0	0.0	0.0	0	0.0	0.0	0	0.0	230.93013	1034	7453.937	0.0	0	0.0	0.0	0	0.0
357	1678812284663594.5	0.0013426757109824166	6520	247.98535	508	8671.802	366.29553	509	12463.745	0.0	0	0.0	0.0	0	0.0	0.0	0	0.0	0.0	0	0.0	372.37018	2139	12437.309	206.7237	2138	6814.2354
358	1678812286957184.5	9.740131827538752e-05	2168	447.97305	510	14855.418	569.3436	510	19218.152	0.0	0	0.0	0.0	0	0.0	0.0	0	0.0	55.733276	1052	1595.0356	0.0	0	0.0	0.0	0	0.0
359	1678812289694010.0	8.363026432913109e-05	3752	515.948	509	16955.104	875.9227	509	28197.35	0.0	0	0.0	0.0	0	0.0	0.0	0	0.0	378.24496	1447	13336.173	0.0	0	0.0	0.0	0	0.0
360	1678812291878692.8	0.00010694905874460794	122	255.9824	508	8683.223	613.1428	509	29012.098	0.0	0	0.0	0.0	0	0.0	0.0	0	0.0	167.23056	539	16369.733	0.0	0	0.0	0.0	0	0.0
361	1678812296550090.2	5.8897269585868496e-05	5880	303.98007	508	9943.336	258.79675	508	8088.828	0.0	0	0.0	0.0	0	0.0	0.0	0	0.0	0.0	0	0.0	221.84116	1978	6958.574	0.0	0	0.0
362	1678812297260198.8	0.0004273920356686016	3242	187.99213	507	6631.698	203.06348	508	6060.8213	0.0	0	0.0	0.0	0	0.0	0.0	0	0.0	171.19833	1318	4947.275	0.0	0	0.0	0.0	0	0.0
366	1678812316710232.0	2.3486078060034827e-05	204	431.97894	509	15719.585	589.25934	509	19200.895	0.0	0	0.0	0.0	0	0.0	0.0	0	0.0	0.0	0	0.0	554.57983	560	17703.941	0.0	0	0.0
367	1678812322639667.2	3.6108310617198386e-05	430	311.9771	507	10375.772	398.16068	508	12560.624	0.0	0	0.0	0.0	0	0.0	0.0	0	0.0	0.0	0	0.0	408.01855	615	13639.61	0.0	0	0.0
369	1678812324872562.2	0.00011710888035860765	4120	483.95978	509	17319.426	784.35657	509	26024.8	0.0	0	0.0	0.0	0	0.0	235.98979	1538	6967.1084	262.7799	1540	8296.311	0.0	0	0.0	0.0	0	0.0
370	1678812326283355.0	0.00015665896947803326	732	255.9824	509	8559.3	306.5791	509	10036.289	0.0	0	0.0	0.0	0	0.0	0.0	0	0.0	71.66586	692	1825.083	0.0	0	0.0	0.0	0	0.0
371	1678812333846234.0	1.7559544272765484e-05	918	287.98596	509	9863.396	191.11404	508	6217.416	0.0	0	0.0	0.0	0	0.0	0.0	0	0.0	0.0	0	0.0	229.7613	738	7420.603	0.0	0	0.0
372	1678812335364685.5	0.0001494681242739531	1476	451.9716	509	14855.193	278.71246	509	9335.553	0.0	0	0.0	0.0	0	0.0	0.0	0	0.0	0.0	0	0.0	443.6823	878	14583.131	314.06866	878	11105.255
373	1678812336752519.2	0.00015719070152578056	312	427.96506	509	14015.513	760.473	509	25584.46	0.0	0	0.0	0.0	0	0.0	0.0	0	0.0	981.7606	587	62377.72	0.0	0	0.0	0.0	0	0.0
376	1678812341192723.8	0.0002147283255657582	2102	379.9828	509	13115.522	199.08035	508	6696.549	0.0	0	0.0	0.0	0	0.0	0.0	0	0.0	298.6128	1034	10193.352	0.0	0	0.0	0.0	0	0.0
377	1678812341770992.5	0.00040942932643721856	1508	507.9509	510	16883.324	981.7606	510	35443.676	0.0	0	0.0	0.0	0	0.0	0.0	0	0.0	111.48193	887	3173.142	0.0	0	0.0	0.0	0	0.0
378	1678812344158576.5	0.00010744590108865864	13718	707.9386	510	23247.123	541.477	509	16949.154	0.0	0	0.0	0.0	0	0.0	0.0	0	0.0	0.0	0	0.0	190.14517	3939	6047.2935	0.0	0	0.0
379	1678812345299422.2	0.00022612051387454156	1090	403.9739	508	14167.682	282.69562	509	9432.843	0.0	0	0.0	0.0	0	0.0	0.0	0	0.0	294.6297	781	9873.925	0.0	0	0.0	0.0	0	0.0
381	1678812355088375.2	0.00017458562207771914	450	443.97452	510	15531.4375	278.71246	510	9126.238	0.0	0	0.0	0.0	0	0.0	51.996185	623	1878.1932	318.52856	622	9921.681	0.0	0	0.0	0.0	0	0.0
382	1678812355117336.2	0.008764522132673057	1936	519.9465	509	17523.156	437.97675	509	14820.465	0.0	0	0.0	0.0	0	0.0	0.0	0	0.0	95.54932	993	2823.6877	0.0	0	0.0	0.0	0	0.0
383	1678812358503678.5	6.850543805038452e-05	478	483.95978	509	16703.242	314.5454	510	10482.699	0.0	0	0.0	0.0	0	0.0	0.0	0	0.0	430.01044	629	13693.619	0.0	0	0.0	0.0	0	0.0
384	1678812360013635.2	0.0001850502454047303	12132	291.9845	508	9287.378	346.3952	508	11190.509	0.0	0	0.0	0.0	0	0.0	0.0	0	0.0	0.0	0	0.0	245.60161	3541	7680.706	0.0	0	0.0
385	1678812362577004.2	8.687316685061332e-05	1378	483.95978	509	15891.886	378.24496	510	12142.085	0.0	0	0.0	0.0	0	0.0	0.0	0	0.0	521.57666	854	15701.597	0.0	0	0.0	0.0	0	0.0
387	1678812366348989.8	0.00011752055554148124	464	503.9524	509	16331.057	461.87564	509	14997.889	0.0	0	0.0	0.0	0	0.0	0.0	0	0.0	533.51074	625	33341.953	0.0	0	0.0	0.0	0	0.0
388	1678812372721014.8	4.0409658147761956e-05	3898	319.97418	510	10907.466	605.1766	509	18827.1	0.0	0	0.0	0.0	0	0.0	0.0	0	0.0	51.750122	1484	1298.6503	0.0	0	0.0	0.0	0	0.0
390	1678812375804210.5	0.00019872394738467984	2428	203.9862	509	6811.0967	262.7799	509	8561.683	0.0	0	0.0	0.0	0	0.0	0.0	0	0.0	0.0	0	0.0	225.79355	1116	7342.7246	0.0	0	0.0
392	1678812380216255.0	0.00012548656706321026	368	455.9701	509	15839.347	270.7616	509	8863.047	0.0	0	0.0	0.0	0	0.0	0.0	0	0.0	350.37833	601	20078.312	0.0	0	0.0	0.0	0	0.0
393	1678812380249816.5	0.007715622182946132	8358	255.9824	508	8759.868	286.6634	509	9524.414	0.0	0	0.0	0.0	0	0.0	0.0	0	0.0	0.0	0	0.0	67.34436	2598	1935.4873	0.0	0	0.0
395	1678812391177435.2	2.7601610361303768e-05	3116	459.96863	509	15367.274	700.7413	509	22905.025	0.0	0	0.0	0.0	0	0.0	0.0	0	0.0	103.515625	1288	2981.597	0.0	0	0.0	0.0	0	0.0
397	1678812407728207.2	1.1660383744969403e-05	3692	215.98178	508	7491.2397	354.36145	510	11766.52	0.0	0	0.0	0.0	0	0.0	0.0	0	0.0	0.0	0	0.0	186.19278	1432	5751.5415	0.0	0	0.0
398	1678812409187487.0	0.00019146850955651678	1084	251.98389	508	8171.118	246.84732	508	8526.82	0.0	0	0.0	0.0	0	0.0	0.0	0	0.0	0.0	0	0.0	63.376587	779	1587.468	0.0	0	0.0
399	1678812411290210.8	0.00010477128903836058	2572	307.97858	508	10555.52	214.99756	508	6873.973	0.0	0	0.0	0.0	0	0.0	0.0	0	0.0	71.66583	1151	1888.7979	0.0	0	0.0	0.0	0	0.0
401	1678812417499783.2	0.0002991178324848102	2016	395.97687	509	12895.293	382.22812	509	13006.598	0.0	0	0.0	0.0	0	0.0	0.0	0	0.0	473.80966	1013	14957.596	0.0	0	0.0	0.0	0	0.0
402	1678812418214973.2	0.0002273926070062263	6770	459.96863	509	15423.292	716.6738	510	23404.049	0.0	0	0.0	0.0	0	0.0	0.0	0	0.0	306.5791	2202	10102.211	0.0	0	0.0	0.0	0	0.0
404	1678812424060687.5	8.24671149144542e-05	2790	351.97772	508	12135.536	390.19437	508	12935.764	0.0	0	0.0	0.0	0	0.0	43.999146	1207	1522.2244	358.3446	1204	11719.185	0.0	0	0.0	0.0	0	0.0
406	1678812426139533.0	0.0009537577406718927	2826	499.95386	509	16323.555	553.4264	510	18269.674	0.0	0	0.0	0.0	0	0.0	0.0	0	0.0	218.98068	1216	7299.1025	0.0	0	0.0	0.0	0	0.0
407	1678812426455917.0	0.0008312376548396796	1208	535.95593	509	17315.582	860.00555	509	27539.084	0.0	0	0.0	0.0	0	0.0	0.0	0	0.0	985.7437	811	32640.244	0.0	0	0.0	0.0	0	0.0
408	1678812430417496.8	4.291130774346886e-05	468	371.97034	508	11927.126	326.47946	510	10736.974	0.0	0	0.0	0.0	0	0.0	0.0	0	0.0	115.46506	626	3439.9668	0.0	0	0.0	0.0	0	0.0
409	1678812430857539.8	0.000620761716877406	8524	739.94214	510	25095.516	386.21124	510	13053.882	0.0	0	0.0	0.0	0	0.0	0.0	0	0.0	0.0	0	0.0	55.45642	2641	1681.3423	0.0	0	0.0
410	1678812432307469.5	0.00014701062768440339	9060	479.96124	509	16107.2705	282.69562	509	8893.999	0.0	0	0.0	0.0	0	0.0	0.0	0	0.0	0.0	0	0.0	106.96048	2774	2976.9443	0.0	0	0.0
412	1678812436918887.0	5.58463426354311e-05	2392	203.9862	508	6843.3403	171.19833	508	5537.407	0.0	0	0.0	0.0	0	0.0	0.0	0	0.0	0.0	0	0.0	99.040344	1106	3007.925	0.0	0	0.0
414	1678812446125035.2	2.750403008811875e-05	11188	307.97858	508	10332.0205	246.84732	510	7938.8438	0.0	0	0.0	0.0	0	0.0	0.0	0	0.0	107.49878	3306	3053.6938	0.0	0	0.0	0.0	0	0.0
417	1678812449610493.5	0.019502104034796137	1656	347.9792	509	11363.382	378.24496	509	12565.973	0.0	0	0.0	0.0	0	0.0	0.0	0	0.0	270.74622	923	8662.186	0.0	0	0.0	0.0	0	0.0
419	1678812452442546.0	0.02922669954028302	10588	543.953	509	18671.18	609.1597	510	19816.742	0.0	0	0.0	0.0	0	0.0	263.97943	3156	9075.434	131.39761	3157	4207.195	0.0	0	0.0	0.0	0	0.0
420	1678812454576706.2	0.00011071183351978949	4298	283.98743	508	9527.444	171.19833	509	5143.6963	0.0	0	0.0	0.0	0	0.0	0.0	0	0.0	0.0	0	0.0	67.34436	1583	1779.6672	0.0	0	0.0
422	1678812457142573.8	0.00029658821375109877	6242	423.96655	509	14179.437	680.82556	514	23898.256	0.0	0	0.0	0.0	0	0.0	0.0	0	0.0	51.765503	2072	1261.9346	0.0	0	0.0	0.0	0	0.0
423	1678812457812030.8	0.00032375092334903057	6848	431.97894	510	14775.393	191.11404	510	6224.505	0.0	0	0.0	0.0	0	0.0	0.0	0	0.0	127.41449	2222	3744.7957	0.0	0	0.0	0.0	0	0.0
427	1678812463348827.8	5.3150241716314564e-05	1154	443.97455	508	15319.843	688.7918	509	22182.146	0.0	0	0.0	0.0	0	0.0	0.0	0	0.0	525.54443	797	16892.08	0.0	0	0.0	0.0	0	0.0
430	1678812465973203.0	0.00015140379468123796	14694	251.98389	508	7999.151	294.62967	509	9566.898	0.0	0	0.0	0.0	0	0.0	0.0	0	0.0	51.750122	4182	1553.4589	0.0	0	0.0	0.0	0	0.0
431	1678812470937710.2	4.533490827316933e-05	664	311.9771	509	11104.1	644.9926	509	20896.533	0.0	0	0.0	0.0	0	0.0	0.0	0	0.0	740.5573	675	23560.627	0.0	0	0.0	0.0	0	0.0
433	1678812474648868.0	8.806103012261542e-05	980	359.9748	510	12023.517	350.37833	509	10821.082	0.0	0	0.0	0.0	0	0.0	87.99826	754	2918.884	422.04416	755	13363.1455	0.0	0	0.0	0.0	0	0.0
434	1678812478268994.0	7.092983281107375e-05	2582	431.97894	510	14875.356	911.77106	509	30060.723	0.0	0	0.0	0.0	0	0.0	0.0	0	0.0	0.0	0	0.0	281.26538	1155	8386.671	0.0	0	0.0
435	1678812479797545.2	0.00018389371785369358	4448	275.97504	508	9039.207	258.79675	508	7952.0767	0.0	0	0.0	0.0	0	0.0	0.0	0	0.0	59.7164	1620	1749.4956	0.0	0	0.0	0.0	0	0.0
437	1678812484888661.5	0.0001360515574556801	940	403.9739	508	13659.118	167.23056	510	5648.5195	0.0	0	0.0	0.0	0	0.0	359.9748	744	11375.609	222.96384	744	6627.0796	0.0	0	0.0	0.0	0	0.0
438	1678812486009814.2	0.0002084079419588135	2766	279.98892	508	9307.224	266.76306	509	8377.642	0.0	0	0.0	0.0	0	0.0	0.0	0	0.0	59.7164	1200	1597.2582	0.0	0	0.0	0.0	0	0.0
440	1678812491189080.5	6.027054245256282e-05	11660	319.97418	509	12091.383	254.81361	509	8823.195	0.0	0	0.0	0.0	0	0.0	0.0	0	0.0	59.7164	3424	1517.5952	0.0	0	0.0	0.0	0	0.0
441	1678812491300137.0	0.0019975170648097633	3756	323.9727	508	10783.566	322.51172	508	10631.774	0.0	0	0.0	0.0	0	0.0	171.98264	1446	6002.9165	51.750122	1448	1401.7144	0.0	0	0.0	0.0	0	0.0
442	1678812492152033.8	0.0002667125647365689	368	519.9465	509	17999.219	342.41205	509	12701.482	0.0	0	0.0	0.0	0	0.0	0.0	0	0.0	51.765503	601	2173.2493	0.0	0	0.0	0.0	0	0.0
444	1678812493218899.8	0.0016439483705238023	824	291.9845	509	9095.232	191.11404	509	5420.6377	0.0	0	0.0	0.0	0	0.0	0.0	0	0.0	59.7164	715	1504.7834	0.0	0	0.0	0.0	0	0.0
445	1678812499993513.5	3.357379774130692e-05	9356	307.9786	511	10311.246	179.16461	509	5745.367	154.4968	510	4580.079	139.14862	510	4598.1284	0.0	0	0.0	0.0	0	0.0	0.0	0	0.0	51.68863	2849	1474.718
446	1678812500909196.5	0.000244751066034098	7114	331.9851	510	10699.544	242.87956	510	7737.5566	0.0	0	0.0	0.0	0	0.0	219.98032	2288	7434.9736	191.11404	2289	5747.0967	0.0	0	0.0	0.0	0	0.0
447	1678812504597558.2	6.231359653588116e-05	2432	311.9771	509	10263.418	433.99362	508	13230.886	0.0	0	0.0	0.0	0	0.0	47.99768	1117	1153.8188	59.71643	1116	1545.0461	0.0	0	0.0	0.0	0	0.0
449	1678812510860603.5	0.0008717707156322456	1056	307.9786	508	9723.247	985.7437	509	36734.35	0.0	0	0.0	0.0	0	0.0	255.9824	773	8299.125	493.69464	772	16251.559	0.0	0	0.0	0.0	0	0.0
450	1678812511331215.8	0.0004665866224903871	322	331.9851	508	11287.355	366.31088	509	20154.38	0.0	0	0.0	0.0	0	0.0	0.0	0	0.0	270.74622	589	9019.591	0.0	0	0.0	0.0	0	0.0
452	1678812515120651.8	7.755258295839466e-05	6936	207.98474	507	7111.435	183.14774	509	6227.6055	0.0	0	0.0	0.0	0	0.0	0.0	0	0.0	79.63211	2242	1967.5984	0.0	0	0.0	0.0	0	0.0
453	1678812515758316.5	0.0004661927974521274	6412	195.9892	508	6107.017	191.11404	508	5748.442	0.0	0	0.0	0.0	0	0.0	0.0	0	0.0	67.68268	2111	1789.2346	0.0	0	0.0	0.0	0	0.0
454	1678812517523839.5	0.00012545895830981258	8718	491.95682	509	16111.315	179.16461	510	5663.4663	0.0	0	0.0	0.0	0	0.0	0.0	0	0.0	0.0	0	0.0	106.96048	2689	3267.3765	0.0	0	0.0
457	1678812531044809.2	0.0007170153639133604	12160	275.97504	508	9111.289	398.16068	508	12303.598	0.0	0	0.0	0.0	0	0.0	0.0	0	0.0	270.74615	3548	8302.486	0.0	0	0.0	0.0	0	0.0
459	1678812533270392.0	0.00020466288776629842	7112	255.98242	508	8427.488	250.83044	508	7741.0776	130.72098	507	4149.669	123.246826	509	3926.483	0.0	0	0.0	0.0	0	0.0	0.0	0	0.0	166.96912	2286	5472.408
460	1678812533513972.2	0.00094645251588024	2600	411.97095	509	13987.477	414.07788	509	13095.931	0.0	0	0.0	0.0	0	0.0	0.0	0	0.0	501.66092	1159	15583.058	0.0	0	0.0	0.0	0	0.0
462	1678812537141030.5	0.005303340296771692	120	479.96124	509	15967.446	985.7437	512	43526.527	0.0	0	0.0	0.0	0	0.0	0.0	0	0.0	0.0	0	0.0	979.3153	542	111392.27	981.0378	539	100453.4
464	1678812547239380.5	0.00015619657367195995	108	367.97183	510	12115.203	230.93013	510	11667.917	0.0	0	0.0	0.0	0	0.0	0.0	0	0.0	75.64899	537	7026.5596	0.0	0	0.0	0.0	0	0.0
466	1678812549592852.2	0.00018953160292933794	2422	423.96652	508	14271.239	449.9108	509	14552.305	0.0	0	0.0	0.0	0	0.0	0.0	0	0.0	254.8136	1114	8264.831	0.0	0	0.0	0.0	0	0.0
468	1678812557310102.8	0.0003574693840279116	4228	475.96274	511	16243.344	493.6946	511	16778.838	0.0	0	0.0	0.0	0	0.0	0.0	0	0.0	334.44574	1568	10476.925	0.0	0	0.0	0.0	0	0.0
470	1678812558711293.8	0.0004679316071163039	1264	287.98596	509	9195.513	318.52853	509	10680.84	0.0	0	0.0	0.0	0	0.0	291.9845	825	9467.125	286.6634	825	9085.574	0.0	0	0.0	0.0	0	0.0
471	1678812559380086.2	0.000321911476839307	3910	459.96863	509	16095.546	322.51166	509	10403.514	0.0	0	0.0	0.0	0	0.0	0.0	0	0.0	0.0	0	0.0	241.64922	1486	7923.7554	178.9032	1487	6008.416
474	1678812571123794.5	0.00020148307962294717	2108	331.9851	508	11043.586	505.64404	508	15694.898	0.0	0	0.0	0.0	0	0.0	0.0	0	0.0	0.0	0	0.0	221.84116	1035	7417.429	178.9032	1035	6312.29
475	1678812572580705.2	0.00014875765267297373	1296	279.98892	509	9735.476	497.67776	509	16522.664	0.0	0	0.0	0.0	0	0.0	423.96655	833	13827.358	254.81361	833	8000.3364	0.0	0	0.0	0.0	0	0.0
478	1678812575867224.0	0.006913658815276583	532	491.95682	510	16439.178	708.7075	510	23209.443	0.0	0	0.0	0.0	0	0.0	379.98276	642	12619.35	230.93011	644	7812.2764	0.0	0	0.0	0.0	0	0.0
479	1678812578079322.0	0.00010540800171756842	2222	471.9642	508	16011.384	573.3268	509	18937.672	0.0	0	0.0	0.0	0	0.0	0.0	0	0.0	183.14774	1064	5418.01	0.0	0	0.0	0.0	0	0.0
481	1678812582295928.8	5.263521892408875e-05	458	351.97772	508	11887.419	716.6738	509	27250.08	0.0	0	0.0	0.0	0	0.0	0.0	0	0.0	107.51416	623	3591.6804	0.0	0	0.0	0.0	0	0.0
482	1678812584597287.0	9.178906417215899e-05	4918	275.99042	510	9371.347	326.4948	509	10588.858	0.0	0	0.0	0.0	0	0.0	0.0	0	0.0	99.53247	1739	2989.5632	0.0	0	0.0	0.0	0	0.0
483	1678812587309218.2	6.787082880128512e-05	6736	227.97737	508	7699.356	167.23056	508	4943.7075	0.0	0	0.0	0.0	0	0.0	0.0	0	0.0	59.7164	2192	1657.914	0.0	0	0.0	0.0	0	0.0
484	1678812588411670.8	0.0002028463801976952	2444	379.9674	509	11835.215	290.64655	509	9472.633	0.0	0	0.0	0.0	0	0.0	0.0	0	0.0	985.7437	1120	38747.965	0.0	0	0.0	0.0	0	0.0
485	1678812594029156.8	4.006544078584627e-05	5876	375.96887	508	12091.189	330.4626	510	10808.234	0.0	0	0.0	0.0	0	0.0	0.0	0	0.0	0.0	0	0.0	51.50406	1978	1660.9917	0.0	0	0.0
486	1678812594043144.8	0.016543146775704915	926	351.97772	509	11347.217	266.76303	508	8242.276	0.0	0	0.0	0.0	0	0.0	0.0	0	0.0	0.0	0	0.0	205.98547	740	6790.0435	0.0	0	0.0
489	1678812602405245.5	0.0004159823375784174	2244	391.97836	508	13367.25	402.14383	508	13301.628	0.0	0	0.0	0.0	0	0.0	0.0	0	0.0	234.91325	1069	8551.581	0.0	0	0.0	0.0	0	0.0
490	1678812602626575.8	0.0006355635509689651	8296	519.9465	508	17743.098	294.62967	508	9270.898	0.0	0	0.0	0.0	0	0.0	0.0	0	0.0	0.0	0	0.0	51.50406	2582	1474.6569	0.0	0	0.0
491	1678812603371676.8	0.00017663259556159405	1536	435.97748	509	13871.233	406.12695	509	13223.366	0.0	0	0.0	0.0	0	0.0	0.0	0	0.0	67.68268	893	1512.2723	0.0	0	0.0	0.0	0	0.0
493	1678812603517208.2	0.014943661596654325	1278	375.96887	510	12431.07	358.3446	509	11585.148	0.0	0	0.0	0.0	0	0.0	0.0	0	0.0	0.0	0	0.0	641.7323	829	20776.096	0.0	0	0.0
494	1678812604947399.2	0.00010702265312824548	3432	439.976	509	15463.494	414.07788	509	12724.779	0.0	0	0.0	0.0	0	0.0	0.0	0	0.0	740.5573	1367	24457.365	0.0	0	0.0	0.0	0	0.0
496	1678812611613707.0	7.448721345489611e-05	804	275.97504	508	9347.232	230.9301	508	7429.622	0.0	0	0.0	0.0	0	0.0	0.0	0	0.0	0.0	0	0.0	79.23227	709	2202.951	0.0	0	0.0
497	1678812612282472.0	0.00019999885918654296	698	235.98979	508	8039.756	191.11404	509	5771.478	0.0	0	0.0	0.0	0	0.0	0.0	0	0.0	83.615295	683	2323.2996	0.0	0	0.0	0.0	0	0.0
498	1678812613817209.0	0.00018608835748598667	5832	503.9524	509	17403.309	883.88904	509	29017.088	0.0	0	0.0	0.0	0	0.0	0.0	0	0.0	418.061	1967	13903.298	0.0	0	0.0	0.0	0	0.0
499	1678812616160995.5	9.592799398593531e-05	916	347.9792	507	11571.886	736.57416	509	23303.592	0.0	0	0.0	0.0	0	0.0	0.0	0	0.0	374.2618	737	12473.508	0.0	0	0.0	0.0	0	0.0
500	1678812616688047.0	0.0003451817067267455	1330	419.96802	509	14435.659	461.86023	510	15283.598	0.0	0	0.0	0.0	0	0.0	0.0	0	0.0	246.84732	842	8563.998	0.0	0	0.0	0.0	0	0.0
504	1678812632135496.0	0.00030724139896149105	4218	255.9824	507	8571.38	234.91327	508	7626.044	0.0	0	0.0	0.0	0	0.0	0.0	0	0.0	115.46506	1562	3446.1724	0.0	0	0.0	0.0	0	0.0
505	1678812632420603.0	0.000788689704546633	2392	375.96887	509	12779.692	179.16461	509	5183.035	0.0	0	0.0	0.0	0	0.0	0.0	0	0.0	254.8136	1107	8034.3936	0.0	0	0.0	0.0	0	0.0
506	1678812635204740.2	8.169535152593473e-05	1544	435.97748	508	14171.393	981.7606	510	38767.773	0.0	0	0.0	0.0	0	0.0	0.0	0	0.0	0.0	0	0.0	130.72095	895	5055.2085	0.0	0	0.0
508	1678812635966248.8	0.0035489299275112186	170	395.97687	509	12919.292	266.76303	510	11989.15	0.0	0	0.0	0.0	0	0.0	0.0	0	0.0	79.63214	552	5095.0054	0.0	0	0.0	0.0	0	0.0
510	1678812638672632.5	0.0002775523869288438	5648	471.9642	509	15587.293	199.08032	509	6294.8413	0.0	0	0.0	0.0	0	0.0	0.0	0	0.0	135.36539	1921	4099.193	0.0	0	0.0	0.0	0	0.0
511	1678812643994222.0	4.484618542423707e-05	3820	343.98068	509	11471.249	286.67877	511	9589.474	0.0	0	0.0	0.0	0	0.0	0.0	0	0.0	207.04663	1465	6529.3076	0.0	0	0.0	0.0	0	0.0
513	1678812648070228.5	0.00012332164238373786	5194	411.97095	509	13967.477	465.84338	508	15281.405	0.0	0	0.0	0.0	0	0.0	0.0	0	0.0	0.0	0	0.0	59.424194	1807	1651.6389	0.0	0	0.0
515	1678812652693223.2	5.9938114769385775e-05	4448	511.94943	510	17591.465	756.48987	510	23859.22	0.0	0	0.0	0.0	0	0.0	0.0	0	0.0	234.91325	1622	6970.3853	0.0	0	0.0	0.0	0	0.0
516	1678812653277959.5	0.0004260834854526128	2018	543.953	508	19083.19	398.1607	509	12884.028	0.0	0	0.0	0.0	0	0.0	0.0	0	0.0	800.27374	1013	25373.545	0.0	0	0.0	0.0	0	0.0
519	1678812658945847.0	7.254768856177298e-05	464	375.96887	509	12475.295	342.41202	510	11055.574	0.0	0	0.0	0.0	0	0.0	0.0	0	0.0	0.0	0	0.0	225.79355	626	7208.751	194.805	625	6526.797
520	1678812660084548.8	0.0002543786628433798	8460	495.95535	509	15707.133	461.86023	509	15032.305	0.0	0	0.0	0.0	0	0.0	0.0	0	0.0	83.615265	2624	2331.697	0.0	0	0.0	0.0	0	0.0
521	1678812662196634.5	0.00010193686822847946	796	479.96124	509	17019.117	338.4289	509	11313.93	0.0	0	0.0	0.0	0	0.0	0.0	0	0.0	414.07788	708	13601.164	0.0	0	0.0	0.0	0	0.0
522	1678812662245124.2	0.005022063665221964	8548	475.9627	509	15971.468	437.97675	509	13731.71	0.0	0	0.0	0.0	0	0.0	0.0	0	0.0	0.0	0	0.0	170.3371	2646	4916.1313	0.0	0	0.0
523	1678812662589716.2	0.0006531769030004622	14596	571.9427	509	18983.14	378.24493	509	12182.348	0.0	0	0.0	0.0	0	0.0	0.0	0	0.0	91.56619	4158	3054.1404	0.0	0	0.0	0.0	0	0.0
524	1678812667164558.2	4.976994559232932e-05	5810	347.9792	509	11987.575	195.09717	509	6063.4336	0.0	0	0.0	0.0	0	0.0	295.98303	1962	9903.429	207.04663	1961	7100.4995	0.0	0	0.0	0.0	0	0.0
526	1678812673886133.5	7.957551380970455e-05	1972	291.9845	508	9883.203	398.1607	509	12663.287	0.0	0	0.0	0.0	0	0.0	63.99176	1002	1994.3054	660.9252	1001	22606.85	0.0	0	0.0	0.0	0	0.0
527	1678812676539970.5	8.166368236367218e-05	3292	315.97565	508	10135.357	238.8964	508	7201.3154	0.0	0	0.0	0.0	0	0.0	0.0	0	0.0	87.59842	1331	2542.7576	0.0	0	0.0	0.0	0	0.0
